30
30.12633804434357
29.880416744607196
30.00288931803701
30.12368801442527
29.90558746478202
29.740349035709823
29.55010750967288
29.30231761619771
29.48290913203408
29.634013588134202
29.656826250409456
29.46800631931688
29.43256318268408
29.1933944428545
29.119923930257237
29.40250484214689
29.571299851949323
29.506751403127904
29.417947881218904
29.53544941155642
29.778189990125426
29.66815358997096
29.51157570848591
29.273570480434827
29.23019368652424
29.518293777360693
29.787672437491228
29.757708276554414
29.734775197382977
29.50382844099914
29.603007087873888
29.43550689293746
29.665930940216644
29.500146909324474
29.66736769138934
29.93417101165249
29.833471814290423
29.644064681854005
29.532218720027807
29.443455682269068
29.33897442239727
29.59027379367915
29.7787861138779
29.858301162711392
29.582370098477526
29.43184704369087
29.51971296448064
29.61497036249655
29.58316480385509
29.557997143996086
29.263821645960288
29.075108917688357
28.972485532722345
29.063627424381792
29.026067196837065
29.250445619650105
29.481202782711588
29.457203845407964
29.242604404904576
29.029567631660914
28.91364871771703
29.0090040231548
29.28071333239295
29.311441924060496
29.222167140917747
29.014662656540555
29.25867541990649
29.08910854021404
29.01761253106609
28.908220869086993
29.15750221621386
28.92867241372049
28.959138155419232
28.93092208149883
29.010469927280113
28.930820019405367
28.981858409362665
28.86029106696
29.0139800556559
29.190255813963315
29.198363508471463
29.41188603493112
29.340373514824893
29.16654818632739
29.030801205105988
28.924749502322094
28.969383750048692
29.11954057805271
29.03695983513303
28.861945722396293
28.933806166120107
28.85162545106305
28.60714957265933
28.381058649025583
28.503846330399433
28.334589434686535
28.14310552052099
28.025881591778322
28.181712516231276
28.242911294340985
28.441033576992808
28.695862330836768
28.7134268663304
28.59655464785004
28.65748287649525
28.900404367657234
29.034367720926873
28.819313480618558
28.998508556788295
28.945928162146405
28.94348142533667
28.81648165980924
28.613233819643245
28.76289266344635
28.554137509635947
28.620289446389503
28.416226076945676
28.387317732931066
28.559214956335964
28.491811487820126
28.685916740463103
28.6133752240401
28.4762020161343
28.29820069563017
28.41570756157093
28.564482004427095
28.28999833381607
28.241772980737426
28.25984780627342
28.11830988494206
28.31449231132952
28.201028742658046
28.206819704071044
28.34372238620331
28.196244314732805
28.067164286944447
28.24622740276538
28.309524906645972
28.530091627199898
28.495138226581123
28.249468514658073
28.01641669804416
27.82077580542048
27.604509627341766
27.762397702325394
27.908200615259908
27.997170246804174
28.1518887316934
27.952853818319202
27.914149067525294
28.018371427974365
27.941933161135207
28.149141583496235
28.42522154965163
28.223669060335983
28.34170654884509
28.208592608622567
28.355913937343843
28.5616496958013
28.569735863638122
28.55307961652551
28.297698574015712
28.500949577355122
28.517609861862418
28.597388735048995
28.413646771502037
28.267538322461977
28.54574343241158
28.461503471866134
28.534718530996
28.736142338196544
28.651933197855694
28.599580115633923
28.746497434455463
28.87193844512595
28.826483001965236
28.81871406708931
28.549737269533242
28.79309236026016
28.636173248757718
28.601045230201414
28.750099195286
28.66308927553346
28.823690239568943
28.915843203861062
29.059871114631996
29.0391462745679
28.952704540982953
29.116086039180438
28.948850139294006
28.872700201742678
28.65680759300229
28.47984949701083
28.61349648860271
28.66882684983013
28.866287549548264
28.604037088081448
28.67238183610372
28.58577908920003
28.653969212605276
28.563119498260136
28.820559715038616
29.040720208433008
29.20379147929999
29.44097388121382
29.169743652923238
28.976847746637056
28.97043761509526
28.767811555375516
28.710930921456864
28.790992284422988
28.672208951673497
28.454760701054585
28.311156751300217
28.578148687185568
28.385527461529882
28.547958655063795
28.593341638401693
28.55023301067139
28.562196733052776
28.394010810850617
28.268400135752373
28.326226200695046
28.146698482747695
28.026698039750134
27.811522168436124
27.55939667098625
27.749371934099894
27.623012244778035
27.870619042185602
27.83893464882134
27.631264828699294
27.461254085221473
27.377446501649985
27.610767685661354
27.768454980381172
27.752373031370976
27.93242129545946
27.72397283286447
27.49289312354146
27.52331738339838
27.652913705154745
27.632072629003407
27.755373311352077
27.595061524006862
27.79213461523804
27.949408675564396
28.12142200719984
28.05593723077728
