100
99.92794060252801
100.65134496904115
100.9008905446846
101.87219888115115
102.422266657441
102.73473742659269
102.9563014396365
101.8531190357325
98.60459899666235
97.10889470337943
96.87073950084212
101.27829420846183
101.25456503483579
101.3088977468805
99.75745506585633
99.8495722266614
97.55430771201691
98.28127323404026
95.45947413921742
95.24453420446781
96.70469680889047
97.01985072690347
96.61200208625306
97.9103130942053
96.04944370720962
97.32505449629792
96.9842457534854
98.32186379250786
94.65685637308391
93.01076401562408
94.13547141861392
95.01863538879186
92.1753579016922
88.92327814284835
88.11336860250402
92.11758214404225
93.0387778858728
95.15400506665868
91.9842199093941
92.56151658288155
94.52549224931485
95.91538179507022
98.41898563645275
98.97364437416039
94.66229211008131
90.5291872454233
89.22426780789812
86.08871657236567
84.9936247721352
85.03485782224398
81.84624039874167
79.19176015058817
79.15647582720173
80.61828970812765
80.3470794506196
79.1241574694519
76.54487378790421
75.98195415660571
79.50224300396806
83.29647854422979
81.46239588763332
82.27523103017855
84.2936455336992
83.45465895537751
82.785189431229
82.1861556955882
80.8704825777988
80.75065885933085
78.28033484582912
79.21978487567223
78.58341637695608
79.08787742835594
80.76774027961234
80.04166558555596
83.6416496809191
80.77017080083121
81.18648502863367
80.595257241814
84.29944459971583
86.39940240280076
83.57737050945566
83.6018577396307
84.381136473251
84.79741282414503
83.91737725886712
81.69683379586802
80.61336019063519
80.64060399670615
81.59945411929988
80.18741901531668
79.2416476470794
76.36536553227087
77.24439880307082
77.27131061754788
78.34798059306777
80.63447278302864
80.99586238071043
82.7185707879282
81.21995012679305
81.57831765689478
82.73382866330807
81.73029960423722
83.28907105007958
82.28820668460286
79.82463456876783
79.4875616191509
82.28553243182314
81.77934785668162
82.10375088734644
83.51669405953166
83.46778516818762
84.08598633926121
85.4617893211809
85.5392508554678
86.19109097436173
89.52131417163812
92.18806174117091
91.75740929889872
92.30959128133998
89.97062380926766
89.36393301844797
92.47595406382393
91.02868128149879
89.05053564088458
88.58565578775213
90.70389716511572
92.54411349118587
91.89551127216585
89.45883369683614
85.89093842061352
83.31051500778811
79.53812521093124
81.44177046988878
80.27808276053909
81.95973448825728
83.32507980003437
82.70337190965995
85.29854755618607
84.65008341659475
84.41128569197116
83.49389030500757
83.98084058100194
85.11008780996258
83.41454455784343
81.46897144552624
82.06272980716732
82.22961598033385
84.14796778727337
84.921328639802
83.58737733821272
85.28474855353227
81.76679816998598
82.90357611780755
82.93070409267949
82.63951931366496
83.12768913853455
81.0250595343918
78.32597825370657
75.04950648366865
72.55955935758807
73.18048960043234
73.19199542641861
72.983413946014
75.54778321198701
77.60916331334914
78.44274795044366
82.03577955746698
81.93830862592013
85.1352057294984
85.30619175255678
84.18550011917067
86.18449554918578
83.96641034646296
83.40787658949434
80.79120732836874
80.51946868678307
80.35141022646866
82.088648027276
81.88522590970172
83.78960350449603
78.96135284125981
78.696468264324
79.92220715637086
75.98589452028368
77.10389422896341
80.29830373100576
81.12256086453516
81.54401746778125
80.71884938014944
81.84279155403324
85.57740164618211
86.9544037114928
85.3956875460399
86.13746384771895
87.575715210666
87.85602132905112
90.63657715165259
93.67501967394998
93.52704760827308
92.62972777236776
91.99855493985582
91.14595715837473
90.06871031710709
88.92360090353593
90.27900834602133
91.37111855322051
92.08845848812814
92.8502470272433
95.85576065981402
97.24606990090689
97.67585787250339
98.05947930004716
99.60851499711791
98.4228392492568
103.7123987353772
104.79013037281317
106.50859706438395
107.9279748277012
108.794321165106
111.04734528321428
108.34340174902427
105.27707101365165
104.3853536265301
103.81329980838682
105.1939061985204
104.4957348722942
110.15707588691545
109.52933949355595
109.0465380580383
108.33251170939823
110.09431532078688
109.60539343291381
111.38256155620387
109.27266969518946
109.06754168385146
109.28032698249966
109.48471341119529
108.96075332660905
106.73915038060657
106.75685994157226
108.7118298657446
110.40505397286123
105.65853651326671
108.00131453781644
107.85604478758479
110.24641109914569
111.05387446106283
109.34300088172803
109.71769814506969
