10
10.035039365207883
9.938130250243583
9.840860333989566
9.926631935390422
9.896020053874635
9.81927838702577
9.758449120249212
9.797427712738134
9.72207024686143
9.638365958249972
9.586978313898703
9.582798691036317
9.511610560475146
9.440892471937506
9.434675432787069
9.461094643761456
9.533347910893744
9.51917929185755
9.492508387237853
9.56912416874373
9.53585809254704
9.597002976016705
9.591541720019851
9.675706857008098
9.75191405562792
9.776499595609506
9.819909535520681
9.756922584556099
9.666469258799836
9.691997118124677
9.611768786066264
9.520153466106642
9.526975471396376
9.61724644383943
9.620379030929794
9.556865710176018
9.605574863589867
9.575137476089237
9.547589869852981
9.641289074829956
9.685740198757598
9.710859390100998
9.690067482544762
9.786581970089488
9.76140277967205
9.779400131566154
9.852040163002052
9.760580197117152
9.748725198857837
9.667881848672925
9.674083185963214
9.623865678758012
9.592718387568588
9.649174536528895
9.736881479088241
9.766627791696829
9.781999487461992
9.692873996624618
9.786017093977124
9.757719182701075
9.738648788954734
9.67290267842649
9.586451384876018
9.568131122583134
9.480476850099194
9.487017378504392
9.529093446477956
9.47563020304174
9.418416529871068
9.377823612944331
9.468697533997139
9.481975726427805
9.486600691986574
9.477858423351078
9.400817907754288
9.410289035767766
9.392578091238823
9.422060568421303
9.46700362798472
9.53447434914006
9.62813637669958
9.705169797336973
9.753021581712854
9.847697693074549
9.891486570756747
9.909259599239816
9.871523546987694
9.907844134319651
9.888145722224573
9.984035367376952
9.927704259525253
10.010316954935362
10.097694217445364
10.156381011887289
10.085697976298713
10.079089991254053
9.982484887352573
10.042894445205363
10.026793594678459
10.099104815644546
10.111218387852738
10.053694215176003
10.069575507235177
10.048006286230867
10.040949410420984
10.116319244206903
10.2050930603011
10.192080271974692
10.124879180317905
10.129392102456492
10.192969644795289
10.171320564272088
10.270595219323301
10.337375133939043
10.25015896515806
10.193551310565798
10.202278311009081
10.285724314404849
10.299079671426847
10.403034226952752
10.486241208018775
10.444234547485545
10.376678035614944
10.387722561531541
10.333296979399792
10.242316086218233
10.195033370722395
10.179149054400472
10.249152957922059
10.216554245956244
10.318715759680119
10.402113084324592
10.46710796481023
10.571660182923143
10.525881091617446
10.435155399729531
10.434527852857281
10.486164227470507
10.506635058203798
10.580670584711628
10.476243726040565
10.479421048594798
10.539538456925525
10.553822878761856
10.470261493223962
10.415672565503039
10.355077300084087
10.36698563398818
10.268745815712615
10.329533902764421
10.342069568007208
10.324897031613693
10.425642836452841
10.381391888352063
10.374647238277014
10.468407805453595
10.484601488385334
10.4779826451961
10.421122123472578
10.406404632421248
10.413654162739233
10.508369559991253
10.481680172468591
10.46510837159368
10.444665906375821
10.360167746532676
10.282296981861379
10.2668739993288
10.23442742875532
10.173253498991187
10.272071759878338
10.262251300329233
10.245198896199346
10.209173632145601
10.256333003812774
10.179695123734437
10.229258481037162
10.235558495128592
10.209738560754124
10.175489102651433
10.166289668601218
10.262242422729237
10.23245589756817
10.318682311068274
10.418288030170894
10.331402585001307
10.371780611005965
10.376645965977698
10.32098954318097
10.389673641292788
10.318202259792328
10.368174544674778
10.400753718632801
10.37460660368823
10.287701374994334
10.269072050040375
10.357203036470567
10.277142284084933
10.20300590566585
10.13150756621852
10.110590013109572
10.131616858772619
10.060293299297381
10.029418743208796
9.98396179973514
9.984501592967701
10.07681918069947
9.984500370951706
9.90552448989075
9.812692106874312
9.797503827560382
9.857980281954974
9.8927253223428
9.977978191837572
10.00381079683731
9.98422177050835
10.02714013657667
10.122702263712313
10.17214294377303
10.109777914827315
10.202817748743382
10.11584115845644
10.132207806956577
10.039554057498858
10.128651403095411
10.128333017018312
10.123950301781079
10.086507630165439
10.08398995629078
10.113271495107632
10.024183095048278
10.092730392709635
10.038239191532153
9.986357859389667
9.969170612354818
9.986976075382886
9.957437044372261
9.980612287285377
9.885505469987274
9.908448863123512
9.870966061404637
9.85697533393446
9.931276627292046
10.014082648536085
10.11179027310708
10.076758337294567
10.06808297666154
10.071975030227385
10.047235280309765
