30
30.002764615845784
30.002406836244283
30.004695401620204
30.006456774330537
30.007823913421696
30.00834997490312
30.009671154446462
30.011456282081337
30.012224167093702
30.011635501869446
30.012456606185363
30.012276662494635
30.012587304610097
30.01451629152688
30.0157796353711
30.017257952837443
30.01663808620521
30.017920752233344
30.019112633885097
30.020747479354974
30.020548708613376
30.018932482312508
30.020916875212272
30.02145055703646
30.022650169273327
30.023453693228326
30.02552921598492
30.02718854832013
30.026854468733656
30.028548405397974
30.02845750947525
30.03067500436028
30.03198613895951
30.033801999833962
30.035208700516403
30.035002136872972
30.035287261358476
30.0376011672245
30.038453092168343
30.03870021583061
30.041024403168425
30.041831460999557
30.043240877285168
30.044664058719118
30.045430491870217
30.045778870023252
30.046048844257292
30.048351291514035
30.050823170161635
30.051689861094722
30.052207036797075
30.053443644019953
30.052757211695592
30.053527152463484
30.054228737970327
30.055053330660016
30.05544344233477
30.056308581837023
30.05559745701287
30.05655864314488
30.05781514788614
30.05870097924585
30.05949039183947
30.059488235100414
30.060990003516867
30.060285696615267
30.06124212641033
30.061617398861323
30.06306794659286
30.063322061866877
30.064422688960708
30.064587580565846
30.06574573525249
30.065369158568057
30.06742675325896
30.068954264876684
30.070634085999806
30.070894591834612
30.07251826133742
30.074383389758843
30.076569308115587
30.078384877547464
30.079092654396092
30.081295739030846
30.081758032031917
30.08426061003574
30.084359564206384
30.085020353246378
30.086867622863913
30.088134695707872
30.090485856965397
30.093041102180287
30.093478090633702
30.09270170000215
30.094167434373652
30.097780825922673
30.097778565628644
30.097595026844942
30.098038478045822
30.09883597121195
30.100017744210472
30.101375104657155
30.10025456461306
30.099734895750167
30.1006630452406
30.100401046055058
30.10176117138205
30.100959787546042
30.102887183244363
30.10404881926491
30.10404684426222
30.10493734387439
30.104976413040845
30.105596956112596
30.106056513909635
30.106415895117507
30.107491078314183
30.108361002082802
30.109658691168192
30.112556177122425
30.112057631651368
30.113448199257864
30.11415003497502
30.114976751227616
30.11526338489944
30.11771403790147
30.11907888610818
30.119334137147153
30.11972646302449
30.119987035177513
30.12038492561152
30.121631953862988
30.1210695677776
30.123650636359873
30.124513584871544
30.124750620766154
30.126312604435217
30.127798404034966
30.129809893176596
30.131704532124324
30.133374128183842
30.135259650068683
30.13643918028203
30.136387967545367
30.13749949770261
30.137907953484742
30.13831561272669
30.140019578007784
30.141368835437177
30.142148440104556
30.14246885299776
30.144601237727485
30.145996836988868
30.145942559345865
30.146625969930337
30.14744478863516
30.14719347314657
30.146999091237312
30.147250217042906
30.14918812070189
30.150441412699546
30.152609850516768
30.15393963814358
30.15489999246372
30.156669358750886
30.15740428844744
30.16011187447674
30.159917349792412
30.16015648600191
30.160557189331424
30.161536002658867
30.16253201456435
30.162999211598937
30.163950359784547
30.164248727458933
30.165528410423494
30.167091281332638
30.168317428333832
30.167384003865326
30.16990982527255
30.171655751860296
30.1714469870225
30.172569214816225
30.173623979130358
30.17540979522883
30.176045789165176
30.17719431582061
30.17694981823845
30.179058175953486
30.180007619087235
30.18061341161318
30.181530044914005
30.181400285451204
30.182180439814164
30.185544809378353
30.184535708233362
30.185998862744906
30.18683291952512
30.18646335271586
30.187121473765146
30.18943999044668
30.18858210233549
30.19005281538437
30.19194235852688
30.193352869443448
30.194774163871653
30.193821425920916
30.195368854829468
30.196066499441617
30.198017020704416
30.19946433432571
30.198767640318568
30.19939208317208
30.201570832875667
30.202506990870006
30.20215057536102
30.20385534851986
30.20667272311777
30.20759034076422
30.207497226464923
30.207408670334825
30.20829469812034
30.208509811324717
30.211186007359053
30.21238386460263
30.21356393219996
30.21369710981255
30.21529483888872
30.215768219913823
30.21827521857318
30.21836703369042
30.219364725634648
30.219211498299103
30.221361718684197
30.22257383363411
30.223304228944702
30.224505799804597
30.225905428568357
30.227555420228594
30.22921836931082
30.231056475789345
30.23361484390782
30.235813848652878
30.23729572849059
30.238832582858784
30.237585759718765
30.23844037430273
30.23966723201757
30.240469537948897
