100
99.87921418848595
100.37732365200986
99.53401069981732
99.13502953315742
99.25342312346214
98.53987590450372
99.39725961035525
100.2366645951601
101.23882669078952
101.17956863405587
101.26104162059178
100.50096039037345
101.28847933008186
100.90041853464669
100.45749984152465
101.25836174499726
100.83480175550545
101.19557738935788
100.99247350931124
100.76267463195389
101.56716742827777
102.21254393943806
102.09047979443298
102.87047770374666
102.26018064850962
102.45888532310374
102.21552348984817
101.39784361316562
100.60012816378496
101.30469942054026
101.54126182386901
100.91025804529278
100.6724487381694
100.97835954619089
100.27051109623413
100.69251779166198
101.22806888534811
101.41934700895789
101.40222042629856
101.77022191529393
101.10906020059821
101.66151990577158
102.22239391419401
101.41651348142787
101.36073720910368
100.89488686785084
101.62473616717232
101.29388145108003
100.44612264556395
99.53295912937986
98.53069995289925
98.4872140724075
98.99673880305257
99.31906288883312
99.01907714333102
99.84685294511239
99.16235656057843
100.04810826753939
100.87181384197288
100.77076768004939
101.7750104567602
102.78613860309723
102.59533675221434
101.91298275390828
101.71204758607772
101.92714035506876
102.38784587886323
103.32268243133348
102.47802949164425
103.24188487687086
102.85787118229102
102.13961570503116
102.07247789678527
101.66986199795743
102.67727091640167
102.40412711704434
103.09950553525712
102.86410177996513
103.38436066507272
102.49520275954941
102.17911638537288
102.56971897642003
102.82832526061189
102.24089297144882
101.66791972136882
101.73252301324068
100.86662961366825
100.03272055819895
100.92171081381524
101.49070338886354
101.34068415135023
100.95348984609537
100.70286156845324
101.53086956380282
102.33554231437306
102.45048162610559
102.70350776053094
103.50400952608138
104.51990266417536
105.05509843926501
104.30279156991969
103.90169607456984
104.59015968895456
103.95256537568653
104.33271515927362
104.39194283743838
104.93205201404787
105.07999905550865
104.73006631786208
104.65026283472442
103.6909905997812
102.71672819494721
102.15889763015872
102.89223265665478
102.26821439191019
101.34617846726765
101.10287265341688
101.27321099263753
101.37701934407076
101.89546982871876
101.7607220603005
100.78169946459828
100.96892239461305
101.21416109019911
100.57374271450237
100.45166407730956
99.82624902396019
100.52670830708925
99.91078708309
99.24197293877415
99.31268540204967
99.46703050836076
99.69348088637801
99.11527922688397
100.03465711406831
99.08491619612921
99.78854850017191
99.12312450770449
99.88816220074197
100.20594751796193
100.97573990362554
100.17041881343833
100.98539465525987
100.61889442680936
100.75826293635774
100.66118024209425
100.79003486950597
100.7600391403498
100.6885020797346
101.16875375260497
101.53742997456932
101.83797075540275
101.87479326533827
101.48695350360619
101.06095574386724
102.00367703625645
102.39463615219745
101.42532804425863
101.49375092256551
100.60806078914244
99.60899779024616
99.07375727782681
98.35617204171002
97.98731078451355
98.8623349833942
98.17122747112353
97.52777851479333
98.18798019418878
99.00062044770935
99.57030787995919
98.65847653462467
99.0302103135064
98.43232240907174
98.29630049156802
99.18653828372638
99.01182734732554
98.25787317180331
98.60034264158597
98.02302181816428
97.39436158743987
97.06221878377978
97.3823560804211
96.80671537722836
96.91179468402399
97.67962924715256
97.11971529536521
97.47775997470144
98.2673349584069
98.63476647444574
98.39125190304502
97.95596164909243
98.23720587308067
98.68095780824164
99.18881029889468
99.99228041014742
100.39260105683638
101.00427253152434
100.09992922468291
99.2835171573736
98.87430548189596
98.63437820779748
98.4009320291589
99.13559157355519
98.94762943269679
99.11640357831266
98.81499386879675
99.01434659180644
98.90540580910415
99.12026812303488
98.5718956852592
99.06653431345427
98.73174708178048
99.59130316710366
99.02478820514152
99.27722509598705
99.0093086959343
98.07026257841018
98.99628045151522
99.36699293220481
99.54631745104737
100.06364293589638
99.36938619687399
99.83110572174931
100.36605915840649
100.36799823018059
99.91937823461367
100.75027197434152
100.89863352130173
101.69200532898506
102.4031257792633
101.93453433080528
101.20431439418964
101.87074436710454
101.15942999187078
101.82635139918607
101.49326230565528
102.19002531712314
101.92703232201801
101.38364190632369
102.20227007260154
101.91399752980034
101.88768665190948
102.45238316301621
101.82989750135312
101.78512170652282
101.543754799289
100.72245293198972
101.3971908329403
101.39085111508541
